%% quantizer on x AND y
tfin = 1e5;

J_experiments =

   1.0e+02 *

   0.878083629365209
   0.935292789630429
   4.467845701126082

%% quantizer on x AND y
tfin = 1e6

J_experiments =

   1.0e+03 *

   0.087808362936521
   0.153423588176914
   3.674757963195797

%% quantizer on x only
tfin = 1e5

J_experiments =

   1.0e+02 *

   0.878083629365209
   0.896375485514813
   3.345645964889792

%% quantizer on x only
   tfin = 1e6
   J_experiments =

   1.0e+03 *

   0.087808362936521
   0.105978627496514
   2.554594960649356

24.104812649450334   

%% quantizer on x only
tfin = 2e6
J_experiments =

   1.0e+03 *

   0.087808362936521
   0.124091965290667
   5.021416036627436

40.465279318169507
%%
tfin = 3e6
J_experiments =

   1.0e+03 *

   0.087808362936521
   0.142229630165119
   7.488452639241786

 52.650440211003662

 %%
 ans =

  104.9139


ans =

  104.8803


ans =

    0.1140

%%
tfin =

      500000


exp_mean =

  104.8803


exp_std =

    0.1140

 %%
 tfin =

       20000


exp_mean =

  103.8144


exp_std =

    0.8179

%%
tfin =

       10000


exp_mean =

  102.9235


exp_std =

    1.5764
%%
tfin =

       10000


exp_mean =

    0.0149


exp_std =

    0.0016

 %%
 tfin =

       50000


exp_mean =

   0.014593678265271


exp_std =

     4.775498005334943e-04

%%
tfin =

       10000


exp_mean =

   0.014860336446001


exp_std =

     8.840993659737618e-04
%%
tfin =

        1000


exp_mean =

  64.351578216805052


exp_std =

   7.458645304806820

%%
tfin =

       10000


exp_mean =

  73.325239391318206


exp_std =

   0.956238277464490

%%
tfin =

       50000

exp_mean =

  73.807008459309472


exp_std =

   0.509799589156646

%%
tfin =

      100000


exp_mean =

  74.186202123893196


exp_std =

   0.183199449854433