%% COST STATISTICS
% Day 1
real = 10.511
mean_MC = mean([12.321, 11.493, 11.924, 11.468, 11.419,...
    11.571, 12.134, 12.446, 12.021, 11.131, 12.321])
(1-real/mean_MC)*100

%% Day 2
real = 10.354
mean_MC = mean([12.121, 11.937, 10.661, 12.462, 10.764,...
    10.674, 11.154, 12.207, 12.222, 11.407])
(1-real/mean_MC)*100

%% Day 3
real = 9.258
mean_MC = mean([9.845, 11.178, 10.603, 10.470, 10.215, 10.688,...
    9.998, 9.908, 10.858, 10.831])
(1-real/mean_MC)*100